case 1                      case 2                 case 3

1,2,3,4,5,6,                1,2,3,4,               1,2,3
7                           5,6,7                  4,5
                                                   6,7

13 possibilities            19 possibilities       35 possibilities
1                           1                      1
17                          15,16,17               14 
2                           2                      146,147
27                          25,26,27               15
3                           3                      156,157
37                          35,36,37               16,17
4                           4                      2
47                          45,46,47               24
5                           5                      246,247
57                          6                      25
6                           7                      256,257
67                                                 26,27
7                                                  3
                                                   34
                                                   346,347
                                                   35
                                                   356,357
                                                   36,37
                                                   4
                                                   46,47
                                                   5
                                                   56,57
                                                   6
                                                   7
